 -0.3762564768648611
 -0.09173026835826281
 -0.02272326906645139
 -0.005661648060697022
 -0.0014072312888666616
 -0.00034488179663627605
 -7.93313790121708e-5
 -1.2763778134416981e-5
  4.028273282052908e-6
  8.304861839114608e-6
  9.40020646877926e-6
  9.677803351149095e-6
 -0.3762564768648611
 -0.09173026835826326
 -0.02272326906645228
 -0.005661648060697466
 -0.0014072312888671057
 -0.00034488179663672014
 -7.933137901261489e-5
 -1.276377813530516e-5
  4.028273281164729e-6
  8.30486183822643e-6
  9.40020646833517e-6
  9.677803350260916e-6